000009
000021
000023
000032
000036
000073
000077
000083
000089
000093
000110
000118
000120
000125
000129
000133
000138
000140
000146
000159
000162
000163
000170
000210
000211
000222
000229
000233
000236
000242
000244
000246
000251
000257
000269
000275
000276
000278
000282
000285
000288
000294
000298
000302
000306
000322
000323
000331
000336
000352
000354
000359
000367
000374
000382
000400
000407
000408
000411
000416
000417
000419
000430
000435
000443
000462
000464
000470
000477
000480
000482
000486
000489
000508
000520
000524
000530
000531
000537
000549
000555
000577
000579
000582
000588
000589
000609
000613
000622
000625
000633
000654
000656
000676
000680
000682
000684
000688
000695
000705
000709
000710
000714
000717
000720
000733
000746
000752
000753
000760
000764
000767
000772
000777
000786
000793
000794
000796
000797
000799
000802
000806
000816
000828
000829
000834
000842
000847
000851
000854
000859
000865
000876
000879
000880
000895
000900
000902
000903
000904
000906
000911
000912
000917
000920
000921
000948
000949
000958
000962
000987
000999
001001
001004
001011
001015
001017
001024
001036
001041
001042
001050
001053
001056
001057
001060
001061
001064
001066
001071
001072
001078
001091
001092
001110
001113
001127
001129
001136
001140
001143
001151
001152
001168
001171
001185
001191
001192
001201
001203
001206
001207
001209
001211
001212
001221
001225
001234
001236
001239
001240
001254
001260
001266
001269
001272
001292
001299
001304
001310
001315
001333
001346
001352
001362
001365
001388
001395
001397
001404
001406
001413
001418
001420
001426
001427
001430
001445
001450
001453
001460
001467
001468
001479
001480
001485
001493
001498
001499
001510
001514
001524
001528
001536
001537
001541
001555
001556
001561
001563
001577
001579
001582
001593
001597
001598
001603
001607
001608
001610
001611
001617
001628
001630
001632
001640
001643
001647
001649
001651
001654
001661
001669
001673
001675
001678
001691
001714
001718
001723
001725
001726
001727
001733
001734
001739
001747
001749
001755
001756
001758
001766
001768
001778
001785
001787
001795
001799
001801
001806
001809
001810
001828
001836
001837
001841
001849
001853
001887
001896
001906
001920
001930
001932
001933
001938
001940
001945
001950
001958
001960
001963
001971
001982
001985
002006
002020
002022
002024
002030
002034
002037
002042
002043
002055
002061
002090
002094
002096
002101
002102
002104
002109
002114
002116
002140
002142
002151
002156
002158
002163
002170
002183
002187
002190
002193
002194
002199
002214
002218
002221
002224
002226
002233
002238
002256
002263
002265
002267
002268
002273
002277
002285
002290
002293
002300
002302
002306
002307
002308
002315
002323
002324
002329
002332
002345
002361
002367
002375
002382
002384
002385
002387
002405
002413
002425
002437
002443
002444
002458
002459
002460
002461
002468
002472
002480
002494
002505
002512
002514
002533
002539
002540
002542
002547
002555
002563
002564
002565
002578
002579
002584
002585
002603
002609
002613
002618
002621
002632
002636
002637
002641
002643
002648
002649
002664
002669
002678
002680
002683
002696
002706
002709
002710
002715
002723
002727
002735
002755
002760
002762
002776
002784
002785
002786
002794
002796
002798
002803
002804
002810
002826
002836
002838
002842
002845
002859
002864
002867
002875
002881
002886
002889
002896
002899
002915
002919
002924
002933
002934
002935
002938
002939
002940
002952
002957
002958
002960
002962
002969
002976
002977
002978
002990
003003
003024
003044
003058
003063
003065
003066
003072
003074
003077
003078
003086
003088
003100
003102
003106
003110
003112
003118
003127
003138
003140
003145
003147
003150
003155
003194
003205
003228
003236
003253
003254
003259
003261
003272
003273
003280
003282
003290
003292
003293
003294
003296
003307
003311
003320
003338
003343
003344
003349
003351
003354
003355
003374
003380
003382
003390
003392
003395
003406
003410
003412
003415
003416
003422
003425
003429
003430
003435
003436
003450
003453
003458
003462
003468
003484
003487
003489
003492
003500
003508
003518
003525
003528
003529
003530
003536
003539
003546
003550
003567
003577
003580
003585
003586
003593
003604
003618
003620
003621
003623
003627
003638
003640
003644
003646
003651
003654
003656
003671
003674
003678
003679
003681
003685
003694
003698
003699
003706
003714
003717
003727
003732
003740
003748
003751
003763
003772
003774
003780
003781
003792
003797
003814
003824
003827
003828
003844
003846
003849
003855
003859
003872
003877
003890
003912
003913
003915
003923
003935
003948
003970
003973
003979
003984
003986
003990
004008
004012
004017
004019
004031
004035
004047
004060
004069
004075
004076
004085
004092
004110
004111
004131
004133
004137
004142
004145
004149
004158
004170
004191
004200
004204
004205
004220
004223
004232
004246
004259
004263
004264
004271
004272
004273
004279
004287
004291
004292
004296
004321
004326
004345
004352
004360
004361
004370
004372
004384
004389
004397
004409
004423
004432
004433
004434
004437
004438
004446
004450
004457
004459
004471
004479
004490
004494
004496
004499
004502
004509
004512
004518
004520
004537
004553
004565
004571
004595
004600
004604
004622
004623
004628
004631
004636
004647
004654
004656
004660
004662
004673
004676
004685
004693
004702
004707
004708
004715
004718
004722
004723
004737
004742
004743
004753
004760
004782
004783
004788
004789
004790
004792
004796
004801
004812
004832
004834
004846
004852
004857
004859
004866
004869
004876
004878
004882
004897
004902
004907
004913
004916
004929
004935
004950
004963
004968
004972
004974
004985
004992
004995
005014
005023
005024
005033
005057
005058
005061
005063
005078
005081
005090
005094
005097
005102
005104
005114
005121
005122
005129
005131
005138
005146
005156
005183
005185
005190
005208
005223
005236
005239
005248
005257
005260
005269
005270
005273
005274
005285
005288
005293
005297
005298
005304
005306
005307
005311
005315
005319
005326
005328
005331
005343
005344
005346
005351
005365
005371
005384
005398
005405
005408
005413
005414
005417
005419
005424
005430
005439
005450
005451
005453
005461
005467
005471
005475
005478
005496
005497
005499
005509
005514
005518
005524
005526
005535
005550
005554
005573
005579
005582
005586
005593
005600
005603
005608
005615
005637
005639
005644
005652
005653
005657
005660
005662
005664
005668
005669
005680
005693
005695
005700
005704
005719
005728
005731
005741
005747
005757
005765
005768
005769
005779
005781
005786
005790
005799
005819
005836
005840
005841
005845
005850
005852
005854
005859
005863
005873
005877
005881
005884
005885
005888
005889
005901
005905
005908
005909
005917
005919
005930
005951
005954
005961
005968
005970
005971
005979
005980
005981
005985
005988
005992
006004
006011
006012
006026
006028
006029
006033
006041
006042
006061
006065
006073
006084
006098
006100
006103
006108
006111
006117
006125
006130
006133
006136
006139
006170
006171
006172
006174
006176
006177
006179
006183
006187
006190
006202
006209
006219
006229
006233
006234
006235
006238
006240
006249
006251
006259
006267
006282
006286
006295
006300
006305
006309
006318
006320
006321
006339
006341
006346
006351
006352
006355
006366
006367
006369
006381
006382
006387
006391
006404
006409
006429
006430
006433
006434
006440
006442
006444
006445
006459
006462
006475
006483
006488
006492
006503
006506
006507
006520
006536
006542
006543
006547
006548
006551
006578
006584
006585
006587
006588
006599
006611
006625
006626
006631
006647
006664
006666
006668
006674
006678
006679
006690
006695
006697
006698
006699
006703
006706
006707
006708
006714
006722
006725
006727
006735
006738
006739
006760
006761
006768
006769
006772
006782
006783
006802
006805
006808
006835
006838
006848
006858
006865
006866
006868
006869
006874
006876
006880
006883
006896
006899
006903
006908
006910
006911
006924
006932
006934
006940
006944
006948
006949
006950
006971
006976
006983
006988
006990
006994
007004
007011
007016
007022
007025
007040
007046
007050
007054
007059
007072
007079
007089
007092
007117
007121
007128
007129
007139
007146
007147
007148
007154
007163
007167
007172
007182
007184
007185
007187
007194
007197
007200
007204
007208
007213
007216
007217
007223
007227
007236
007243
007244
007256
007260
007261
007271
007284
007298
007300
007314
007329
007336
007344
007369
007381
007389
007408
007410
007411
007421
007431
007433
007436
007445
007446
007466
007480
007489
007497
007523
007528
007530
007537
007540
007543
007547
007565
007566
007571
007585
007605
007606
007615
007619
007629
007639
007647
007649
007657
007662
007668
007671
007683
007687
007699
007709
007713
007721
007727
007748
007758
007760
007762
007765
007768
007786
007799
007809
007810
007813
007814
007834
007836
007838
007840
007841
007845
007856
007859
007878
007886
007897
007900
007914
007931
007935
007946
007953
007958
007970
007971
007974
007979
007991
007998
008017
008019
008023
008026
008032
008033
008043
008048
008051
008062
008069
008072
008079
008082
008084
008086
008103
008105
008108
008115
008116
008127
008130
008139
008160
008164
008169
008171
008177
008186
008189
008190
008191
008202
008204
008208
008209
008220
008222
008224
008225
008229
008232
008241
008254
008258
008260
008263
008272
008279
008292
008293
008297
008299
008302
008307
008311
008313
008320
008332
008341
008342
008345
008346
008349
008355
008368
008370
008374
008376
008387
008390
008391
008397
008398
008403
008410
008413
008415
008416
008425
008427
008433
008438
008442
008449
008477
008509
008512
008513
008519
008521
008526
008529
008530
008534
008542
008550
008573
008576
008582
008596
008607
008610
008612
008615
008618
008620
008638
008644
008653
008654
008655
008670
008676
008687
008698
008699
008702
008718
008722
008732
008739
008744
008753
008756
008764
008768
008771
008801
008805
008809
008810
008813
008819
008833
008841
008856
008862
008871
008876
008885
008886
008891
008914
008920
008921
008926
008930
008932
008933
008943
008944
008953
008965
008973
008976
008985
009000
009019
009022
009035
009036
009045
009048
009066
009073
009079
009080
009087
009098
009099
009114
009123
009128
009136
009138
009141
009150
009153
009160
009161
009166
009168
009193
009197
009202
009209
009212
009221
009230
009236
009239
009244
009245
009251
009259
009270
009271
009283
009285
009286
009287
009290
009291
009306
009308
009309
009316
009323
009324
009327
009330
009331
009333
009343
009374
009377
009382
009394
009398
009405
009407
009410
009412
009418
009434
009437
009438
009455
009465
009469
009479
009488
009496
009499
009500
009502
009517
009518
009520
009528
009545
009546
009551
009557
009560
009567
009577
009584
009585
009605
009609
009614
009617
009618
009619
009638
009641
009647
009658
009668
009676
009684
009691
009692
009698
009700
009712
009713
009717
009724
009732
009734
009747
009748
009749
009754
009767
009772
009789
009794
009805
009809
009816
009822
009823
009841
009842
009845
009851
009852
009865
009868
009874
009877
009880
009882
009886
009896
009897
009902
009908
009923
009935
009940
009942
009945
009949
009954
